$ANSIBLE_VAULT;1.1;AES256
65376665353138343035656264636539323764633062666230663564336233326332333165313732
6664306237656234346537313335626239343664323139620a353063353339393836636335663866
32663337343163326335396630643232303665353833396238623631343533376462333463613035
3638323664623664610a373636666162316538313135356166393730653464383666623564656637
33346463313761356665306364306339353865313134333334656334333430366637393435313164
38666665333362633336643163326165393836366166313866653863626437663262653666356636
62393464343266383831613064633436356439303163343431666435663430333336393030663864
33393137616431333732653465373739323861396333663061373832303563386134376338393837
33323037633735393062363434373935643865613264393430623762653734643164323065303361
64623130386531613366313563303239623661353337613762666338366437393835656135326261
30373162393238303762343662643663643332303763616566336632613739393034643234316637
64633239356366623738666135396463633934633763336463313266333665613534386338396666
61306532343064323338326166613365663031363238353565303230623237363061336431333930
31313635636539383539346265323034386231326264326164363263393035313732666534616432
64623731383331313961323437616335643566646531373434626132643635653939313963386164
35313766666366333762323839656165313565663766366266636263356236346639343963393937
35366332383432363039336563303862333338303533343163666665636139663963366336643339
30336233633139313061613362383939643636306262633063373137346534643962613431313563
66656166336132343562326163653438306463393766313635653337613832356532383965653538
33393738653435306562333438396163313862346462333131313430383564376231623732623465
63653733333062323334646564643463373336646433306134333834653066303037316335353066
34313962396335303233373833656138666261313139313266393233656365353966383264386239
66303135373536346362336630343137336165623066373334303134643261326433613565643430
34663535643830653062
